2756
605428  3514923
605385  3514942
605322  3514961
605137  3514968
605057  3514987
604928  3515042
604842  3515085
604801  3515098
604725  3515101
604645  3515053
604567  3514990
604469  3514927
604370  3514859
604327  3514823
604314  3514801
604315  3514743
604307  3514685
604290  3514612
604306  3514526
604387  3514424
604401  3514395
604389  3514366
604350  3514300
604309  3514264
604278  3514197
604302  3514147
604351  3514111
604364  3514066
604360  3514027
604348  3514000
604330  3513987
604221  3513947
604175  3513878
604169  3513800
604162  3513758
604172  3513692
604154  3513651
604111  3513624
604080  3513598
604012  3513534
603961  3513483
603882  3513432
603787  3513343
603714  3513274
603680  3513261
603617  3513251
603585  3513241
603525  3513204
603471  3513185
603396  3513121
603316  3513095
603244  3513077
603197  3513044
603137  3513016
603059  3512942
603000  3512896
602818  3512809
602752  3512803
602696  3512790
602685  3512780
602653  3512704
602637  3512622
602666  3512569
602712  3512526
602715  3512397
602706  3512331
602682  3512297
602592  3512234
602446  3512100
602425  3512069
602424  3512030
602448  3511993
602485  3511958
602499  3511904
602502  3511849
602449  3511699
602422  3511659
602372  3511628
602316  3511595
602298  3511577
602292  3511534
602339  3511458
602346  3511434
602341  3511400
602302  3511319
602213  3511198
602169  3511130
602152  3511077
602135  3511000
602129  3510991
602126  3510980
602118  3510975
602110  3510965
602106  3510962
602088  3510959
602069  3510953
602051  3510946
602027  3510935
602002  3510924
601973  3510908
601949  3510891
601938  3510880
601922  3510869
601901  3510860
601863  3510845
601837  3510825
601815  3510809
601784  3510786
601752  3510761
601721  3510735
601700  3510711
601685  3510688
601664  3510657
601645  3510634
601625  3510611
601607  3510587
601588  3510558
601572  3510536
601558  3510516
601534  3510485
601512  3510463
601496  3510446
601475  3510421
601457  3510397
601441  3510380
601410  3510354
601391  3510336
601371  3510315
601360  3510293
601357  3510256
601356  3510229
601361  3510197
601365  3510172
601374  3510149
601389  3510120
601396  3510089
601400  3510073
601400  3510058
601395  3510040
601385  3510018
601367  3509999
601344  3509974
601332  3509957
601325  3509934
601323  3509927
601317  3509885
601313  3509847
601312  3509820
601309  3509799
601310  3509784
601320  3509759
601326  3509740
601333  3509717
601338  3509696
601336  3509689
601333  3509673
601329  3509647
601326  3509628
601328  3509586
601329  3509566
601328  3509540
601326  3509515
601321  3509493
601314  3509471
601299  3509435
601283  3509411
601265  3509381
601247  3509356
601232  3509330
601218  3509306
601208  3509291
601203  3509283
601196  3509280
601183  3509271
601159  3509260
601148  3509252
601130  3509239
601110  3509222
601090  3509210
601077  3509200
601063  3509185
601044  3509170
601026  3509155
601012  3509138
601004  3509127
600995  3509116
600982  3509109
600964  3509098
600952  3509079
600944  3509068
600936  3509053
600921  3509038
600911  3509031
600891  3509016
600866  3508994
600852  3508974
600837  3508947
600831  3508928
600820  3508908
600811  3508891
600802  3508868
600798  3508854
600793  3508838
600792  3508821
600791  3508804
600789  3508793
600789  3508778
600788  3508768
600788  3508750
600789  3508731
600788  3508710
600785  3508716
600781  3508727
600779  3508741
600775  3508756
600768  3508774
600761  3508790
600750  3508807
600740  3508821
600734  3508830
600722  3508849
600722  3508858
600719  3508873
600712  3508885
600704  3508895
600688  3508904
600668  3508910
600652  3508918
600632  3508925
600625  3508929
600595  3508945
600571  3508953
600552  3508959
600537  3508964
600525  3508971
600518  3508984
600515  3508994
600506  3509000
600500  3509003
600484  3509035
600471  3509051
600455  3509066
600433  3509088
600419  3509092
600406  3509096
600393  3509105
600381  3509113
600376  3509118
600368  3509120
600351  3509119
600338  3509115
600311  3509110
600295  3509107
600270  3509110
600252  3509104
600228  3509092
600212  3509092
600206  3509091
600193  3509099
600170  3509106
600146  3509122
600122  3509124
600110  3509116
600089  3509106
600076  3509101
600049  3509086
600037  3509081
600004  3509071
599962  3509065
599917  3509062
599876  3509064
599858  3509063
599831  3509059
599803  3509056
599776  3509047
599751  3509024
599739  3509013
599729  3509013
599699  3509004
599664  3508985
599630  3508958
599604  3508922
599581  3508896
599557  3508876
599547  3508867
599531  3508849
599505  3508840
599478  3508815
599454  3508792
599435  3508778
599418  3508771
599404  3508767
599374  3508758
599350  3508751
599333  3508744
599322  3508735
599299  3508717
599285  3508712
599243  3508703
599212  3508701
599197  3508706
599180  3508712
599143  3508723
599125  3508730
599114  3508740
599053  3508761
599035  3508768
599025  3508769
599008  3508762
598985  3508746
598944  3508723
598918  3508709
598900  3508701
598873  3508677
598862  3508661
598857  3508647
598846  3508618
598835  3508586
598815  3508567
598805  3508564
598775  3508556
598746  3508551
598715  3508537
598698  3508522
598674  3508507
598638  3508491
598598  3508476
598567  3508458
598517  3508440
598509  3508435
598496  3508421
598488  3508381
598483  3508355
598480  3508337
598476  3508311
598451  3508271
598423  3508245
598413  3508224
598408  3508195
598406  3508181
598398  3508162
598397  3508153
598391  3508139
598381  3508110
598375  3508098
598366  3508086
598344  3508066
598306  3508043
598286  3508035
598261  3508033
598239  3508035
598219  3508032
598199  3508028
598165  3508035
598133  3508056
598113  3508066
598097  3508074
598085  3508075
598080  3508072
598073  3508065
598068  3508051
598060  3508031
598046  3508013
598034  3507986
598027  3507973
597985  3507957
597958  3507946
597913  3507939
597898  3507936
597883  3507933
597868  3507933
597852  3507933
597835  3507935
597832  3507933
597812  3507934
597766  3507934
597747  3507934
597740  3507933
597720  3507930
597706  3507926
597692  3507927
597679  3507925
597666  3507922
597636  3507913
597607  3507902
597582  3507900
597549  3507898
597527  3507898
597485  3507900
597448  3507900
597396  3507899
597357  3507897
597326  3507895
597295  3507894
597283  3507895
597268  3507899
597257  3507901
597251  3507903
597214  3507923
597205  3507916
597196  3507903
597188  3507892
597184  3507879
597180  3507860
597179  3507850
597176  3507837
597174  3507823
597175  3507810
597179  3507793
597184  3507772
597185  3507751
597186  3507741
597186  3507721
597181  3507707
597177  3507698
597170  3507681
597169  3507666
597165  3507643
597159  3507622
597150  3507597
597144  3507579
597137  3507567
597131  3507557
597117  3507546
597102  3507535
597089  3507525
597068  3507518
597054  3507509
597043  3507500
597034  3507491
597022  3507485
597007  3507485
596997  3507487
596984  3507498
596973  3507515
596966  3507534
596957  3507552
596945  3507565
596926  3507585
596905  3507607
596879  3507635
596856  3507654
596825  3507671
596791  3507683
596771  3507690
596756  3507701
596739  3507715
596723  3507725
596700  3507734
596670  3507736
596651  3507736
596634  3507724
596615  3507710
596596  3507694
596582  3507692
596558  3507688
596531  3507685
596504  3507674
596482  3507663
596461  3507651
596444  3507638
596431  3507628
596424  3507623
596408  3507608
596396  3507597
596389  3507590
596374  3507577
596365  3507566
596356  3507558
596343  3507546
596332  3507536
596322  3507520
596315  3507510
596308  3507500
596299  3507485
596293  3507472
596290  3507460
596289  3507455
596288  3507451
596290  3507446
596296  3507441
596308  3507433
596322  3507423
596335  3507410
596345  3507399
596354  3507389
596358  3507377
596362  3507365
596367  3507353
596362  3507338
596348  3507331
596335  3507325
596327  3507312
596325  3507295
596324  3507278
596323  3507261
596321  3507254
596315  3507247
596293  3507233
596284  3507219
596281  3507203
596278  3507176
596276  3507156
596274  3507132
596274  3507111
596273  3507087
596271  3507065
596266  3507040
596254  3507016
596240  3506998
596225  3506981
596206  3506963
596188  3506939
596173  3506918
596156  3506887
596151  3506861
596154  3506840
596158  3506817
596163  3506798
596168  3506772
596181  3506746
596195  3506722
596208  3506695
596216  3506678
596221  3506653
596221  3506629
596227  3506610
596232  3506593
596245  3506570
596252  3506546
596255  3506526
596264  3506504
596276  3506480
596282  3506460
596296  3506437
596308  3506419
596320  3506396
596323  3506381
596332  3506365
596349  3506353
596352  3506348
596359  3506337
596369  3506308
596377  3506294
596384  3506266
596389  3506250
596393  3506225
596394  3506209
596381  3506185
596366  3506172
596358  3506161
596355  3506133
596354  3506111
596349  3506102
596336  3506093
596329  3506092
596324  3506095
596323  3506100
596315  3506106
596302  3506118
596283  3506132
596277  3506137
596267  3506137
596255  3506124
596236  3506099
596216  3506080
596199  3506057
596188  3506035
596184  3506010
596177  3505987
596167  3505965
596162  3505933
596147  3505909
596131  3505893
596112  3505870
596098  3505851
596084  3505824
596072  3505794
596068  3505756
596065  3505739
596066  3505724
596070  3505710
596073  3505689
596082  3505665
596094  3505643
596104  3505616
596116  3505587
596127  3505565
596140  3505548
596148  3505538
596148  3505533
596144  3505531
596136  3505531
596120  3505532
596097  3505530
596071  3505526
596040  3505524
596007  3505526
595975  3505524
595951  3505523
595926  3505524
595890  3505519
595849  3505517
595833  3505521
595818  3505525
595805  3505524
595794  3505522
595773  3505513
595761  3505506
595751  3505498
595738  3505490
595728  3505486
595721  3505486
595709  3505488
595698  3505486
595690  3505482
595672  3505465
595663  3505456
595641  3505434
595629  3505428
595604  3505415
595582  3505406
595559  3505396
595543  3505381
595522  3505359
595507  3505342
595488  3505330
595484  3505326
595468  3505309
595457  3505289
595443  3505255
595439  3505236
595435  3505211
595432  3505184
595433  3505165
595434  3505144
595430  3505137
595431  3505113
595432  3505092
595433  3505077
595430  3505057
595430  3505035
595428  3505013
595417  3504991
595412  3504967
595403  3504951
595392  3504929
595384  3504911
595371  3504892
595358  3504872
595348  3504859
595345  3504851
595332  3504835
595322  3504817
595315  3504793
595315  3504770
595314  3504753
595314  3504735
595317  3504721
595323  3504704
595331  3504666
595337  3504644
595341  3504623
595342  3504607
595341  3504595
595336  3504576
595322  3504560
595307  3504548
595281  3504532
595259  3504516
595243  3504512
595221  3504506
595201  3504500
595188  3504492
595172  3504475
595171  3504469
595163  3504457
595147  3504436
595134  3504420
595117  3504400
595093  3504373
595077  3504354
595062  3504334
595043  3504301
595031  3504278
595025  3504274
595013  3504257
595001  3504239
594998  3504233
594995  3504229
594986  3504220
594976  3504210
594970  3504204
594956  3504199
594937  3504190
594923  3504185
594908  3504177
594886  3504173
594868  3504168
594856  3504163
594844  3504159
594826  3504150
594811  3504147
594791  3504143
594772  3504135
594758  3504128
594743  3504122
594724  3504111
594713  3504104
594705  3504100
594688  3504095
594668  3504087
594649  3504079
594629  3504072
594608  3504065
594586  3504057
594566  3504050
594542  3504038
594525  3504032
594504  3504026
594487  3504020
594470  3504017
594453  3504010
594440  3504011
594426  3504017
594411  3504020
594399  3504023
594385  3504025
594368  3504026
594354  3504033
594326  3504045
594307  3504051
594291  3504052
594286  3504056
594270  3504058
594258  3504057
594248  3504062
594243  3504062
594236  3504060
594219  3504056
594206  3504054
594188  3504050
594178  3504047
594164  3504039
594152  3504030
594139  3504020
594127  3504014
594118  3504007
594111  3504000
594108  3503994
594104  3503990
594098  3503981
594087  3503966
594079  3503950
594064  3503928
594057  3503912
594041  3503885
594033  3503869
594026  3503846
594019  3503827
594017  3503806
594013  3503791
594011  3503769
594008  3503747
594003  3503732
593989  3503707
593971  3503682
593950  3503663
593930  3503647
593912  3503636
593900  3503625
593883  3503616
593869  3503615
593854  3503623
593844  3503641
593834  3503662
593817  3503674
593800  3503685
593786  3503698
593777  3503719
593773  3503735
593772  3503755
593772  3503777
593771  3503796
593773  3503814
593764  3503832
593753  3503844
593738  3503855
593710  3503867
593686  3503870
593657  3503869
593641  3503865
593624  3503857
593603  3503853
593575  3503855
593547  3503860
593528  3503859
593512  3503856
593495  3503851
593480  3503855
593455  3503865
593430  3503874
593406  3503876
593384  3503875
593355  3503894
593334  3503912
593312  3503932
593279  3503955
593250  3503954
593211  3503942
593176  3503933
593147  3503932
593111  3503927
593087  3503924
593060  3503925
593029  3503924
592991  3503926
592961  3503937
592941  3503949
592892  3503956
592847  3503963
592810  3503967
592765  3503973
592727  3503967
592691  3503962
592666  3503962
592639  3503958
592619  3503954
592590  3503953
592561  3503954
592539  3503955
592525  3503959
592501  3503965
592493  3503965
592476  3503963
592455  3503962
592434  3503959
592416  3503956
592390  3503945
592373  3503932
592358  3503915
592335  3503888
592322  3503868
592313  3503840
592308  3503822
592304  3503798
592296  3503780
592277  3503762
592260  3503753
592237  3503744
592214  3503738
592191  3503732
592168  3503729
592144  3503720
592127  3503712
592107  3503702
592094  3503689
592081  3503674
592074  3503663
592064  3503647
592051  3503634
592038  3503622
592020  3503612
592015  3503608
591997  3503603
591979  3503590
591966  3503575
591950  3503559
591939  3503551
591924  3503542
591904  3503530
591886  3503525
591869  3503519
591846  3503512
591828  3503503
591813  3503490
591788  3503477
591763  3503466
591742  3503456
591726  3503450
591709  3503444
591693  3503441
591679  3503444
591665  3503452
591657  3503458
591648  3503470
591637  3503481
591625  3503487
591607  3503488
591594  3503483
591574  3503469
591559  3503457
591545  3503444
591527  3503428
591512  3503415
591493  3503402
591479  3503396
591460  3503393
591453  3503396
591444  3503399
591440  3503416
591432  3503437
591416  3503464
591404  3503491
591395  3503525
591386  3503557
591378  3503584
591374  3503603
591365  3503617
591353  3503635
591337  3503659
591328  3503681
591322  3503695
591315  3503717
591314  3503741
591316  3503765
591323  3503786
591333  3503800
591350  3503817
591364  3503827
591391  3503844
591418  3503864
591428  3503874
591431  3503883
591442  3503909
591455  3503942
591462  3503958
591467  3503976
591467  3503989
591468  3503999
591472  3504010
591479  3504024
591485  3504037
591492  3504050
591498  3504063
591505  3504077
591508  3504088
591509  3504104
591507  3504118
591503  3504140
591497  3504156
591488  3504176
591484  3504192
591481  3504206
591474  3504221
591466  3504239
591459  3504254
591450  3504271
591446  3504280
591445  3504287
591444  3504308
591439  3504326
591434  3504344
591431  3504355
591424  3504364
591416  3504375
591403  3504382
591386  3504392
591372  3504398
591356  3504404
591346  3504409
591329  3504419
591314  3504427
591292  3504440
591272  3504450
591253  3504460
591238  3504463
591211  3504469
591194  3504472
591188  3504473
591167  3504483
591154  3504490
591128  3504492
591105  3504496
591088  3504499
591066  3504507
591045  3504516
591028  3504529
591009  3504542
591000  3504561
590992  3504568
590982  3504574
590969  3504580
590954  3504586
590931  3504588
590907  3504590
590896  3504595
590895  3504600
590904  3504612
590919  3504633
590931  3504655
590945  3504681
590952  3504695
590952  3504699
590955  3504716
590957  3504745
590963  3504780
590968  3504817
590971  3504845
590975  3504877
590976  3504892
590976  3504899
590972  3504921
590963  3504940
590954  3504955
590940  3504968
590919  3504986
590904  3505003
590898  3505010
590894  3505025
590891  3505036
590887  3505055
590881  3505063
590872  3505079
590854  3505106
590843  3505125
590840  3505140
590834  3505156
590827  3505186
590821  3505207
590812  3505216
590800  3505247
590802  3505258
590809  3505267
590818  3505282
590818  3505291
590814  3505310
590806  3505346
590803  3505372
590802  3505406
590804  3505432
590804  3505454
590811  3505485
590812  3505496
590811  3505504
590807  3505509
590795  3505515
590776  3505518
590753  3505520
590722  3505523
590688  3505528
590664  3505533
590637  3505537
590601  3505542
590590  3505548
590576  3505558
590566  3505576
590557  3505599
590551  3505616
590547  3505626
590542  3505639
590539  3505638
590531  3505641
590521  3505636
590497  3505622
590489  3505611
590461  3505590
590432  3505576
590412  3505567
590384  3505562
590352  3505560
590324  3505560
590291  3505562
590272  3505565
590238  3505560
590214  3505559
590195  3505563
590168  3505570
590125  3505581
590094  3505590
590059  3505601
590023  3505609
589987  3505623
589971  3505632
589959  3505636
589929  3505636
589912  3505642
589903  3505650
589894  3505658
589886  3505660
589879  3505649
589873  3505640
589869  3505628
589863  3505604
589854  3505585
589824  3505552
589787  3505511
589779  3505494
589768  3505466
589756  3505439
589738  3505401
589724  3505375
589718  3505344
589715  3505315
589711  3505282
589714  3505257
589715  3505223
589718  3505192
589724  3505161
589729  3505131
589734  3505105
589732  3505097
589725  3505074
589715  3505056
589704  3505031
589685  3504995
589670  3504965
589656  3504942
589644  3504912
589642  3504876
589643  3504852
589649  3504831
589654  3504819
589657  3504810
589658  3504805
589657  3504800
589647  3504799
589626  3504797
589592  3504792
589569  3504788
589553  3504790
589507  3504796
589473  3504802
589434  3504801
589409  3504796
589379  3504792
589355  3504792
589342  3504789
589329  3504776
589323  3504763
589318  3504742
589316  3504718
589314  3504696
589305  3504678
589299  3504660
589292  3504644
589282  3504626
589265  3504608
589253  3504594
589236  3504572
589220  3504553
589207  3504537
589191  3504515
589179  3504500
589168  3504489
589149  3504477
589129  3504466
589112  3504457
589092  3504444
589080  3504424
589068  3504405
589059  3504388
589044  3504368
589037  3504356
589022  3504338
589011  3504325
589000  3504309
588990  3504295
588981  3504281
588972  3504267
588962  3504253
588947  3504241
588942  3504235
588931  3504230
588919  3504229
588901  3504230
588884  3504233
588860  3504237
588839  3504241
588830  3504242
588822  3504241
588807  3504240
588782  3504238
588767  3504237
588748  3504235
588728  3504232
588711  3504227
588688  3504217
588667  3504208
588638  3504197
588618  3504192
588602  3504187
588577  3504179
588556  3504173
588530  3504166
588514  3504160
588495  3504153
588482  3504148
588474  3504143
588470  3504137
588460  3504125
588456  3504114
588449  3504094
588441  3504077
588434  3504057
588431  3504043
588431  3504028
588433  3504016
588437  3504007
588437  3504001
588435  3503995
588424  3503991
588407  3503990
588380  3503988
588363  3503985
588343  3503978
588328  3503972
588315  3503962
588302  3503950
588285  3503937
588266  3503929
588242  3503926
588224  3503923
588209  3503916
588198  3503910
588182  3503904
588163  3503892
588155  3503883
588141  3503866
588126  3503857
588116  3503852
588109  3503851
588097  3503853
588087  3503856
588074  3503860
588061  3503861
588052  3503858
588044  3503850
588030  3503838
588016  3503828
588002  3503821
587990  3503816
587981  3503817
587972  3503826
587962  3503838
587955  3503853
587950  3503864
587947  3503878
587945  3503895
587944  3503909
587939  3503926
587932  3503937
587924  3503953
587920  3503981
587919  3503999
587922  3504007
587924  3504017
587924  3504027
587912  3504037
587900  3504050
587883  3504065
587882  3504083
587884  3504108
587885  3504129
587893  3504148
587906  3504168
587923  3504194
587926  3504215
587926  3504241
587926  3504266
587923  3504294
587922  3504317
587920  3504343
587916  3504372
587909  3504402
587901  3504424
587891  3504445
587884  3504467
587878  3504492
587874  3504515
587876  3504537
587878  3504558
587879  3504580
587881  3504600
587883  3504615
587884  3504625
587875  3504628
587860  3504632
587841  3504636
587824  3504638
587806  3504638
587781  3504633
587768  3504634
587758  3504635
587744  3504643
587722  3504658
587706  3504667
587697  3504672
587688  3504679
587674  3504693
587648  3504697
587618  3504700
587594  3504711
587564  3504716
587541  3504719
587521  3504721
587498  3504722
587473  3504721
587453  3504722
587427  3504724
587403  3504724
587383  3504724
587359  3504721
587331  3504713
587310  3504700
587289  3504689
587269  3504679
587251  3504668
587231  3504661
587212  3504654
587193  3504650
587183  3504649
587179  3504648
587177  3504651
587181  3504654
587191  3504657
587204  3504661
587223  3504668
587237  3504675
587253  3504684
587270  3504694
587283  3504702
587299  3504717
587308  3504729
587316  3504747
587322  3504766
587322  3504786
587320  3504818
587321  3504846
587323  3504869
587333  3504886
587346  3504906
587355  3504926
587363  3504952
587370  3504976
587377  3504996
587390  3505017
587397  3505040
587397  3505087
587396  3505100
587392  3505126
587387  3505159
587388  3505172
587388  3505187
587391  3505195
587400  3505208
587413  3505237
587423  3505254
587440  3505279
587449  3505291
587466  3505314
587473  3505335
587479  3505361
587484  3505386
587482  3505399
587482  3505414
587478  3505431
587468  3505453
587457  3505474
587447  3505500
587434  3505515
587417  3505538
587403  3505568
587395  3505584
587387  3505600
587373  3505614
587356  3505633
587342  3505653
587335  3505666
587331  3505686
587324  3505727
587325  3505745
587320  3505756
587302  3505773
587279  3505794
587259  3505811
587247  3505822
587220  3505837
587205  3505839
587189  3505836
587172  3505835
587167  3505837
587167  3505845
587169  3505853
587184  3505865
587192  3505883
587203  3505909
587209  3505922
587221  3505931
587235  3505934
587259  3505939
587266  3505945
587277  3505967
587294  3505983
587318  3505997
587339  3506000
587368  3506012
587382  3506022
587409  3506039
587437  3506060
587450  3506065
587470  3506071
587485  3506074
587495  3506082
587512  3506095
587524  3506114
587520  3506139
587519  3506156
587521  3506173
587522  3506202
587523  3506229
587528  3506246
587536  3506262
587543  3506276
587550  3506289
587550  3506304
587551  3506331
587551  3506368
587551  3506393
587547  3506407
587543  3506421
587546  3506424
587550  3506428
587538  3506424
587530  3506423
587515  3506415
587494  3506406
587474  3506403
587452  3506400
587432  3506400
587406  3506408
587390  3506422
587373  3506436
587356  3506446
587330  3506449
587309  3506459
587283  3506475
587270  3506482
587232  3506496
587205  3506520
587185  3506536
587175  3506544
587154  3506559
587137  3506566
587121  3506568
587098  3506567
587078  3506573
587060  3506586
587041  3506594
587015  3506594
586992  3506597
586970  3506599
586955  3506605
586942  3506614
586929  3506628
586921  3506642
586919  3506654
586917  3506670
586915  3506683
586916  3506690
586911  3506707
586901  3506718
586891  3506724
586864  3506722
586839  3506722
586793  3506720
586761  3506719
586735  3506721
586723  3506726
586708  3506741
586686  3506751
586648  3506757
586615  3506751
586583  3506740
586553  3506732
586519  3506731
586493  3506727
586479  3506719
586465  3506709
586455  3506694
586439  3506670
586425  3506658
586404  3506654
586376  3506653
586354  3506650
586326  3506637
586301  3506629
586281  3506622
586260  3506627
586255  3506633
586250  3506647
586240  3506672
586231  3506699
586222  3506707
586204  3506719
586186  3506732
586175  3506749
586168  3506768
586157  3506783
586140  3506800
586118  3506819
586095  3506849
586085  3506871
586070  3506897
586059  3506914
586048  3506928
586022  3506939
586008  3506940
585984  3506934
585964  3506928
585939  3506921
585914  3506914
585897  3506916
585864  3506911
585837  3506900
585816  3506886
585805  3506879
585792  3506865
585778  3506859
585760  3506853
585740  3506856
585725  3506860
585703  3506867
585692  3506878
585668  3506898
585642  3506910
585632  3506912
585609  3506921
585589  3506923
585570  3506920
585542  3506916
585536  3506911
585513  3506900
585496  3506895
585477  3506889
585459  3506880
585449  3506870
585433  3506856
585425  3506843
585412  3506823
585403  3506812
585393  3506807
585375  3506802
585338  3506799
585318  3506795
585312  3506794
585284  3506786
585267  3506782
585245  3506775
585222  3506767
585204  3506763
585174  3506768
585165  3506772
585153  3506779
585145  3506788
585132  3506804
585128  3506812
585110  3506823
585102  3506834
585080  3506857
585071  3506867
585058  3506879
585043  3506890
585015  3506904
584988  3506917
584967  3506927
584948  3506931
584922  3506933
584909  3506934
584898  3506935
584885  3506931
584865  3506924
584851  3506913
584831  3506898
584822  3506893
584809  3506883
584792  3506872
584784  3506870
584766  3506867
584756  3506866
584740  3506862
584724  3506861
584707  3506862
584688  3506861
584680  3506857
584662  3506853
584640  3506847
584617  3506842
584603  3506842
584594  3506845
584578  3506850
584568  3506854
584555  3506857
584548  3506856
584536  3506850
584520  3506839
584509  3506838
584494  3506838
584479  3506844
584470  3506855
584462  3506863
584454  3506869
584441  3506884
584424  3506901
584409  3506918
584387  3506944
584368  3506964
584351  3506977
584335  3506991
584328  3507005
584327  3507017
584333  3507036
584345  3507056
584355  3507072
584368  3507089
584391  3507103
584400  3507105
584429  3507114
584457  3507120
584471  3507124
584497  3507128
584513  3507133
584545  3507137
584587  3507143
584601  3507146
584629  3507153
584649  3507160
584656  3507166
584665  3507177
584672  3507185
584684  3507198
584695  3507213
584708  3507220
584724  3507227
584735  3507229
584757  3507235
584769  3507244
584779  3507246
584803  3507252
584820  3507260
584833  3507269
584846  3507280
584858  3507283
584868  3507292
584887  3507315
584893  3507325
584898  3507333
584899  3507348
584902  3507371
584905  3507393
584908  3507416
584918  3507455
584922  3507470
584922  3507474
584919  3507484
584914  3507495
584902  3507515
584892  3507536
584883  3507560
584873  3507595
584863  3507622
584854  3507649
584844  3507682
584837  3507707
584832  3507734
584827  3507755
584829  3507795
584830  3507829
584826  3507843
584820  3507864
584810  3507891
584804  3507909
584801  3507924
584798  3507933
584800  3507953
584800  3507977
584801  3507992
584802  3508000
584799  3508005
584794  3508015
584782  3508028
584764  3508045
584753  3508057
584741  3508068
584731  3508074
584718  3508073
584699  3508067
584686  3508064
584655  3508053
584644  3508050
584635  3508046
584612  3508044
584608  3508045
584600  3508048
584589  3508053
584578  3508062
584568  3508069
584557  3508077
584540  3508090
584526  3508098
584516  3508103
584507  3508110
584499  3508113
584487  3508110
584464  3508104
584426  3508108
584393  3508122
584357  3508138
584339  3508147
584324  3508161
584318  3508182
584302  3508224
584285  3508269
584270  3508310
584253  3508332
584242  3508345
584227  3508360
584222  3508367
584210  3508361
584187  3508346
584144  3508332
584097  3508328
584042  3508324
583997  3508324
583949  3508325
583928  3508329
583893  3508342
583870  3508351
583861  3508359
583816  3508396
583791  3508411
583772  3508423
583732  3508467
583713  3508485
583693  3508497
583677  3508512
583663  3508538
583658  3508544
583654  3508544
583623  3508517
583584  3508502
583546  3508485
583505  3508465
583449  3508434
583404  3508410
583364  3508389
583330  3508372
583301  3508363
583283  3508356
583258  3508337
583232  3508320
583206  3508309
583185  3508304
583156  3508297
583119  3508303
583092  3508310
583072  3508302
583040  3508287
583008  3508273
582978  3508259
582944  3508243
582902  3508225
582866  3508208
582831  3508196
582811  3508190
582793  3508177
582781  3508167
582765  3508144
582756  3508127
582745  3508123
582734  3508126
582720  3508140
582713  3508143
582701  3508152
582686  3508183
582677  3508194
582663  3508214
582650  3508230
582633  3508252
582622  3508265
582619  3508274
582613  3508294
582609  3508305
582598  3508319
582590  3508332
582579  3508356
582576  3508365
582578  3508368
582580  3508373
582592  3508393
582594  3508398
582592  3508404
582583  3508420
582576  3508442
582572  3508470
582564  3508498
582556  3508542
582546  3508573
582538  3508599
582529  3508624
582516  3508642
582500  3508657
582482  3508667
582467  3508678
582457  3508693
582454  3508701
582445  3508740
582439  3508770
582436  3508790
582436  3508820
582434  3508840
582427  3508853
582417  3508873
582403  3508884
582392  3508897
582384  3508909
582369  3508939
582353  3508967
582346  3508979
582315  3509008
582298  3509026
582282  3509038
582261  3509056
582248  3509067
582220  3509078
582201  3509085
582164  3509123
582131  3509158
582079  3509206
582036  3509242
582001  3509252
581964  3509268
581926  3509292
581917  3509298
581907  3509310
581900  3509328
581885  3509368
581875  3509399
581855  3509435
581829  3509489
581810  3509528
581794  3509553
581780  3509565
581748  3509594
581729  3509610
581715  3509620
581700  3509623
581651  3509634
581598  3509645
581583  3509649
581555  3509655
581539  3509659
581515  3509673
581504  3509685
581483  3509705
581474  3509722
581469  3509726
581463  3509727
581450  3509727
581434  3509732
581413  3509750
581397  3509770
581381  3509802
581368  3509828
581360  3509845
581354  3509853
581339  3509858
581303  3509864
581258  3509872
581250  3509873
581249  3509869
581234  3509874
581197  3509887
581162  3509899
581136  3509908
581106  3509916
581081  3509919
581055  3509910
581025  3509892
581000  3509875
580967  3509849
580945  3509830
580930  3509822
580907  3509810
580850  3509780
580813  3509765
580790  3509760
580759  3509766
580712  3509789
580684  3509818
580649  3509850
580617  3509884
580594  3509915
580576  3509945
580562  3509980
580555  3510015
580554  3510044
580553  3510075
580554  3510106
580551  3510128
580541  3510163
580531  3510202
580507  3510241
580488  3510273
580459  3510300
580425  3510326
580392  3510345
580353  3510368
580329  3510396
580307  3510425
580290  3510454
580272  3510476
580261  3510493
580271  3510498
580266  3510520
580260  3510541
580238  3510547
580236  3510562
580230  3510582
580224  3510603
580219  3510616
580218  3510625
580221  3510641
580225  3510654
580232  3510662
580247  3510670
580273  3510681
580294  3510687
580318  3510698
580333  3510711
580347  3510722
580354  3510726
580372  3510739
580393  3510756
580416  3510777
580436  3510795
580455  3510813
580476  3510834
580482  3510847
580492  3510863
580506  3510891
580522  3510918
580531  3510942
580543  3510967
580554  3510981
580565  3510993
580570  3511000
580569  3511009
580584  3511023
580599  3511039
580627  3511060
580648  3511079
580669  3511105
580680  3511122
580698  3511149
580708  3511167
580723  3511199
580737  3511243
580743  3511272
580749  3511289
580759  3511315
580773  3511337
580784  3511354
580794  3511368
580809  3511393
580826  3511414
580839  3511425
580875  3511453
580897  3511468
580920  3511482
580957  3511495
580979  3511507
580997  3511513
581017  3511521
581039  3511532
581058  3511540
581083  3511555
581105  3511567
581122  3511576
581139  3511589
581157  3511601
581175  3511614
581181  3511619
581203  3511644
581220  3511662
581236  3511676
581244  3511687
581251  3511704
581260  3511713
581275  3511731
581293  3511752
581312  3511777
581330  3511799
581334  3511805
581346  3511820
581356  3511832
581375  3511855
581394  3511879
581412  3511902
581423  3511915
581433  3511926
581446  3511935
581472  3511944
581499  3511952
581528  3511962
581551  3511969
581567  3511979
581584  3511990
581603  3512002
581625  3512022
581641  3512039
581658  3512058
581677  3512079
581688  3512094
581705  3512119
581724  3512146
581734  3512164
581753  3512188
581764  3512199
581782  3512219
581799  3512229
581816  3512244
581833  3512258
581855  3512277
581870  3512298
581886  3512318
581904  3512336
581916  3512345
581930  3512351
581956  3512351
581987  3512354
582025  3512355
582060  3512358
582103  3512359
582131  3512358
582163  3512361
582192  3512364
582210  3512367
582241  3512373
582252  3512377
582261  3512380
582269  3512382
582300  3512388
582324  3512386
582355  3512385
582382  3512385
582414  3512387
582447  3512391
582476  3512395
582510  3512397
582529  3512393
582547  3512386
582566  3512374
582581  3512356
582594  3512336
582612  3512308
582620  3512288
582633  3512278
582656  3512259
582675  3512243
582703  3512227
582722  3512217
582755  3512210
582789  3512206
582815  3512208
582846  3512210
582875  3512217
582902  3512219
582924  3512219
582955  3512218
582979  3512211
583009  3512204
583034  3512199
583061  3512197
583085  3512197
583113  3512207
583124  3512214
583138  3512224
583151  3512243
583163  3512259
583172  3512273
583183  3512284
583190  3512301
583195  3512317
583202  3512340
583212  3512359
583224  3512383
583236  3512403
583245  3512418
583262  3512438
583281  3512456
583303  3512474
583322  3512486
583345  3512503
583361  3512516
583378  3512531
583396  3512538
583411  3512545
583428  3512547
583445  3512546
583472  3512546
583478  3512545
583498  3512538
583523  3512531
583549  3512524
583568  3512521
583581  3512524
583596  3512530
583607  3512540
583624  3512561
583631  3512572
583641  3512579
583659  3512591
583676  3512603
583697  3512608
583713  3512612
583725  3512611
583739  3512609
583749  3512609
583793  3512596
583824  3512585
583886  3512572
583928  3512566
583956  3512564
583984  3512561
584019  3512563
584052  3512566
584068  3512568
584089  3512576
584112  3512586
584136  3512595
584171  3512608
584199  3512619
584211  3512624
584232  3512631
584262  3512642
584297  3512651
584321  3512655
584346  3512660
584385  3512670
584412  3512677
584434  3512680
584471  3512684
584488  3512683
584500  3512682
584499  3512679
584515  3512678
584535  3512677
584568  3512678
584599  3512677
584633  3512677
584661  3512674
584681  3512679
584712  3512683
584754  3512689
584783  3512686
584813  3512682
584838  3512674
584866  3512672
584884  3512670
584923  3512682
584946  3512683
584975  3512686
585024  3512687
585075  3512689
585095  3512687
585146  3512685
585196  3512676
585237  3512668
585280  3512661
585311  3512659
585334  3512660
585369  3512661
585385  3512658
585430  3512651
585447  3512647
585474  3512650
585495  3512656
585521  3512664
585559  3512676
585585  3512685
585597  3512696
585615  3512710
585635  3512730
585671  3512752
585706  3512767
585755  3512777
585809  3512783
585836  3512783
585867  3512783
585912  3512780
585941  3512777
585973  3512775
586004  3512779
586037  3512778
586059  3512777
586082  3512774
586115  3512767
586145  3512755
586168  3512745
586188  3512736
586215  3512725
586234  3512725
586258  3512732
586284  3512744
586296  3512752
586317  3512765
586330  3512780
586344  3512791
586357  3512796
586371  3512799
586389  3512802
586416  3512795
586445  3512790
586483  3512784
586524  3512778
586569  3512781
586602  3512785
586636  3512786
586673  3512785
586706  3512785
586748  3512783
586770  3512784
586798  3512784
586836  3512783
586859  3512785
586884  3512786
586896  3512788
586919  3512796
586942  3512802
586958  3512809
586968  3512814
586982  3512823
587005  3512835
587013  3512837
587039  3512844
587055  3512849
587065  3512849
587085  3512846
587106  3512843
587139  3512842
587161  3512844
587180  3512851
587188  3512859
587205  3512877
587212  3512888
587222  3512896
587230  3512903
587239  3512910
587248  3512918
587273  3512931
587284  3512938
587312  3512943
587328  3512946
587337  3512946
587357  3512946
587385  3512947
587408  3512948
587430  3512952
587447  3512958
587466  3512971
587479  3512981
587485  3512988
587500  3512999
587508  3513007
587518  3513020
587519  3513021
587526  3513030
587528  3513031
587559  3513040
587577  3513045
587594  3513048
587619  3513048
587644  3513048
587666  3513050
587693  3513052
587709  3513054
587732  3513055
587752  3513057
587767  3513062
587791  3513067
587812  3513071
587822  3513074
587836  3513081
587862  3513094
587879  3513102
587904  3513112
587914  3513115
587935  3513113
587962  3513103
587974  3513095
587989  3513086
588000  3513081
587999  3513077
588007  3513078
588027  3513081
588048  3513084
588065  3513084
588107  3513084
588139  3513085
588158  3513084
588166  3513085
588173  3513086
588215  3513100
588276  3513120
588326  3513136
588357  3513145
588401  3513160
588439  3513172
588453  3513176
588481  3513178
588524  3513184
588549  3513186
588563  3513187
588584  3513197
588600  3513205
588610  3513208
588627  3513211
588631  3513210
588649  3513204
588665  3513195
588691  3513173
588713  3513166
588739  3513155
588770  3513156
588826  3513150
588864  3513149
588906  3513152
588943  3513154
588986  3513159
589009  3513160
589046  3513170
589092  3513180
589117  3513186
589143  3513193
589172  3513199
589194  3513201
589230  3513203
589251  3513209
589268  3513215
589278  3513221
589305  3513240
589322  3513251
589331  3513255
589353  3513263
589383  3513274
589409  3513282
589418  3513283
589437  3513285
589456  3513283
589466  3513285
589492  3513290
589524  3513297
589567  3513305
589604  3513310
589615  3513310
589644  3513305
589676  3513300
589694  3513299
589719  3513296
589732  3513294
589740  3513294
589776  3513300
589796  3513302
589809  3513305
589827  3513311
589851  3513318
589863  3513319
589882  3513317
589903  3513315
589919  3513312
589940  3513306
589958  3513299
589974  3513293
589980  3513289
590003  3513273
590027  3513255
590052  3513237
590064  3513229
590070  3513227
590084  3513223
590095  3513225
590107  3513227
590119  3513231
590153  3513242
590179  3513251
590194  3513256
590224  3513264
590239  3513265
590267  3513264
590297  3513262
590329  3513260
590351  3513258
590373  3513262
590389  3513265
590396  3513271
590404  3513275
590429  3513280
590452  3513287
590459  3513288
590466  3513286
590491  3513277
590521  3513269
590551  3513259
590598  3513243
590622  3513236
590648  3513228
590677  3513229
590691  3513229
590708  3513237
590737  3513253
590751  3513255
590776  3513261
590801  3513265
590814  3513268
590852  3513266
590908  3513263
590957  3513262
590987  3513261
591000  3513261
591015  3513259
591062  3513254
591090  3513250
591100  3513251
591110  3513256
591143  3513267
591175  3513279
591203  3513291
591245  3513314
591259  3513320
591302  3513319
591342  3513313
591354  3513314
591364  3513326
591392  3513363
591420  3513391
591455  3513429
591464  3513440
591474  3513444
591492  3513453
591506  3513456
591531  3513462
591578  3513473
591607  3513481
591662  3513508
591701  3513528
591730  3513543
591748  3513559
591772  3513578
591785  3513583
591818  3513585
591855  3513586
591887  3513592
591901  3513600
591943  3513617
591962  3513623
592008  3513635
592019  3513635
592067  3513636
592113  3513638
592159  3513637
592182  3513630
592239  3513614
592267  3513613
592287  3513621
592309  3513641
592339  3513671
592367  3513692
592405  3513714
592433  3513722
592479  3513728
592508  3513717
592545  3513700
592573  3513677
592606  3513647
592628  3513638
592646  3513637
592664  3513641
592673  3513645
592684  3513650
592709  3513668
592737  3513691
592768  3513717
592795  3513731
592820  3513740
592848  3513751
592891  3513767
592901  3513768
592942  3513773
592971  3513771
593014  3513756
593034  3513757
593060  3513758
593076  3513764
593094  3513774
593107  3513774
593137  3513775
593157  3513770
593183  3513762
593207  3513761
593238  3513761
593262  3513754
593307  3513737
593338  3513728
593359  3513722
593382  3513723
593416  3513725
593443  3513728
593512  3513740
593554  3513748
593566  3513755
593593  3513767
593628  3513787
593671  3513805
593712  3513821
593733  3513829
593801  3513841
593815  3513845
593858  3513859
593886  3513867
593922  3513890
593936  3513907
593962  3513942
593989  3513975
594007  3513996
594021  3514007
594041  3514023
594068  3514036
594102  3514052
594122  3514056
594161  3514065
594200  3514084
594234  3514099
594250  3514104
594264  3514108
594293  3514115
594322  3514125
594331  3514126
594365  3514131
594403  3514137
594448  3514144
594467  3514150
594510  3514168
594574  3514173
594592  3514173
594640  3514169
594693  3514165
594728  3514170
594770  3514175
594808  3514181
594858  3514194
594895  3514202
594931  3514203
594976  3514201
595021  3514194
595078  3514184
595155  3514187
595212  3514199
595241  3514208
595253  3514214
595279  3514231
595326  3514242
595365  3514240
595423  3514234
595456  3514231
595490  3514228
595534  3514235
595565  3514241
595596  3514256
595625  3514270
595669  3514280
595712  3514289
595749  3514309
595785  3514335
595833  3514367
595862  3514380
595896  3514391
595919  3514397
595950  3514399
595982  3514391
596021  3514367
596059  3514334
596084  3514325
596116  3514323
596146  3514328
596178  3514340
596233  3514357
596278  3514357
596336  3514360
596345  3514362
596403  3514379
596434  3514381
596473  3514374
596523  3514367
596569  3514372
596603  3514381
596647  3514394
596693  3514397
596734  3514399
596769  3514394
596811  3514381
596855  3514362
596893  3514342
596948  3514312
597004  3514294
597021  3514282
597056  3514271
597099  3514269
597173  3514264
597219  3514266
597249  3514261
597283  3514237
597319  3514222
597336  3514209
597358  3514184
597370  3514174
597383  3514168
597412  3514169
597418  3514169
597442  3514169
597485  3514204
597511  3514214
597529  3514229
597546  3514265
597561  3514266
597640  3514235
597708  3514204
597801  3514156
597832  3514154
597909  3514161
597964  3514164
598032  3514132
598063  3514092
598115  3514047
598173  3514020
598238  3514010
598281  3513995
598330  3513970
598373  3513927
598394  3513884
598424  3513854
598470  3513852
598508  3513866
598543  3513892
598571  3513912
598599  3513924
598629  3513926
598663  3513916
598703  3513866
598723  3513843
598758  3513827
598805  3513799
598843  3513777
598880  3513755
598894  3513753
598922  3513759
598952  3513776
599000  3513781
599043  3513765
599076  3513747
599115  3513756
599154  3513772
599221  3513790
599287  3513816
599328  3513833
599363  3513845
599389  3513847
599437  3513833
599467  3513838
599507  3513860
599540  3513870
599576  3513868
599651  3513849
599675  3513854
599706  3513872
599743  3513881
599808  3513880
599858  3513881
599908  3513897
599953  3513928
599991  3513957
600055  3513992
600102  3514003
600149  3514032
600203  3514068
600244  3514080
600286  3514083
600320  3514095
600354  3514098
600377  3514094
600499  3514087
600554  3514071
600579  3514052
600617  3513996
600641  3513986
600702  3513982
600736  3513999
600752  3514002
600814  3513998
600834  3514013
600857  3514044
600891  3514057
600951  3514065
601027  3514083
601080  3514081
601157  3514115
601197  3514157
601257  3514217
601280  3514252
601312  3514260
601356  3514250
601400  3514233
601438  3514244
601526  3514242
601683  3514214
601889  3514196
601961  3514166
602046  3514150
602127  3514159
602243  3514146
602306  3514167
602351  3514210
602407  3514294
602434  3514381
602445  3514465
602478  3514522
602532  3514569
602628  3514614
602706  3514648
602822  3514742
602831  3514749
602925  3514918
603054  3514936
603182  3514964
603293  3515012
603401  3515041
603460  3515044
603518  3515069
603606  3515074
603719  3515118
603817  3515142
603892  3515195
603923  3515243
603971  3515281
604113  3515400
604207  3515458
604250  3515451
604405  3515353
604449  3515364
604538  3515433
604635  3515457
604752  3515449
604958  3515439
605146  3515480
605296  3515441
605423  3515480
